0.935698 0.0260326 -0.0130954 4.03673
-0.0253702 0.934707 0.0453595 1.67227
0.0143365 -0.0449827 0.93496 23.0682
0 0 0 1

0.952703 0.30655 -0.076109 -3.53778
-0.310223 0.953614 -0.0423078 11.3784
0.0593896 0.0636821 0.999913 -20.3463
0 0 0 1

0.992176 0.128205 0.0335711 8.77833
-0.131978 0.978905 0.162185 -19.6129
-0.012058 -0.165184 0.987191 32.9962
0 0 0 1

0.665508 -0.746552 0.224327 -17.6686
0.765139 0.682001 -0.000252876 -29.4502
-0.14908 0.167624 1.00012 6.34017
0 0 0 1

0.952069 0.202925 0.064542 -10.6161
-0.201905 0.954222 -0.0218133 13.5599
-0.0676654 0.00792999 0.973211 2.82425
0 0 0 1

1.01308 0.197901 -0.0640892 -12.6087
-0.198597 1.01496 -0.00520226 6.57554
0.0619002 0.0174027 1.03222 -2.96854
0 0 0 1

0.752046 -0.610236 -0.0563623 50.2068
0.612828 0.749251 0.0648344 -9.82623
0.00274735 -0.0858642 0.966312 13.5299
0 0 0 1

0.932326 0.350058 -0.0381044 -26.728
-0.341535 0.925225 0.143309 -4.35102
0.0857124 -0.121007 0.985512 -3.94039
0 0 0 1

